###### Camera Calibration File For Downward facing zr300 ######
image_width: 640
image_height: 480
camera_name: cam0
camera_matrix:
  rows: 3
  cols: 3
  data: [279.2526531511768, 0.0, 278.08284473201934, 0.0, 317.2182056556131, 240.63352064495862, 0.0, 0.0, 1.0]
distortion_model: equidistant
distortion_coefficients:
  rows: 1
  cols: 4
  data: [-0.012951075872698494, 0.019108949196934146, -0.008912107127185112,
    0.0013863835795819694]